100.070000
110.580000
120.450000
129.790000
138.660000
147.130000
155.260000
163.090000
170.660000
178.010000
185.160000
192.130000
198.930000
205.600000
212.120000
218.520000
224.810000
230.980000
237.050000
243.030000
248.910000
254.710000
260.430000
266.080000
271.660000
277.190000
282.670000
288.100000
293.500000
298.870000
304.210000
309.520000
314.810000
320.070000
325.300000
330.480000
335.920000
340.770000
347.900000
355.220000
362.470000
369.640000
376.740000
383.780000
390.750000
397.660000
404.520000
411.320000
418.070000
424.770000
