54.190000
59.820000
65.080000
70.030000
74.720000
79.170000
83.440000
87.530000
91.480000
95.300000
99.010000
102.610000
106.120000
109.560000
112.910000
116.200000
119.420000
122.570000
125.670000
128.720000
131.710000
134.650000
137.550000
140.410000
143.220000
146.010000
148.770000
151.500000
154.200000
156.890000
159.560000
162.210000
164.840000
167.460000
170.050000
172.620000
175.310000
177.700000
181.220000
184.810000
188.370000
191.870000
195.340000
198.760000
202.140000
205.480000
208.790000
212.060000
215.300000
218.510000
